0.000 0.000 0.000 1.000 = 0 0.000
0.000 0.000 0.200 0.800 = 0 0.000
0.000 0.000 0.400 0.600 = 0 0.000
0.000 0.000 0.600 0.400 = 0 0.000
0.000 0.000 0.800 0.200 = 0 0.000
0.000 0.000 1.000 0.000 = 0 0.000
0.000 0.100 0.000 1.000 = 0 0.000
0.000 0.100 0.200 0.800 = 0 0.000
0.000 0.100 0.400 0.600 = 0 0.000
0.000 0.100 0.600 0.400 = 0 0.000
0.000 0.100 0.800 0.200 = 0 0.000
0.000 0.100 1.000 0.000 = 0 0.000
0.000 0.500 0.000 1.000 = 0 0.000
0.000 0.500 0.200 0.800 = 0 0.000
0.000 0.500 0.400 0.600 = 1 1.000
0.000 0.500 0.600 0.400 = 0 0.000
0.000 0.500 0.800 0.200 = 0 0.000
0.000 0.500 1.000 0.000 = 1 1.000
0.000 2.000 0.000 1.000 = 0 0.000
0.000 2.000 0.200 0.800 = 0 0.000
0.000 2.000 0.400 0.600 = 0 0.000
0.000 2.000 0.600 0.400 = 0 0.000
0.000 2.000 0.800 0.200 = 0 0.000
0.000 2.000 1.000 0.000 = 0 0.000
0.000 4.000 0.000 1.000 = 0 0.000
0.000 4.000 0.200 0.800 = 0 0.000
0.000 4.000 0.400 0.600 = 0 0.000
0.000 4.000 0.600 0.400 = 0 0.000
0.000 4.000 0.800 0.200 = 0 0.000
0.000 4.000 1.000 0.000 = 0 0.000
0.250 0.000 0.000 1.000 = 0 0.000
0.250 0.000 0.200 0.800 = 0 0.000
0.250 0.000 0.400 0.600 = 0 0.000
0.250 0.000 0.600 0.400 = 0 0.000
0.250 0.000 0.800 0.200 = 0 0.000
0.250 0.000 1.000 0.000 = 0 0.000
0.250 0.100 0.000 1.000 = 0 0.000
0.250 0.100 0.200 0.800 = 0 0.000
0.250 0.100 0.400 0.600 = 0 0.000
0.250 0.100 0.600 0.400 = 0 0.000
0.250 0.100 0.800 0.200 = 0 0.000
0.250 0.100 1.000 0.000 = 0 0.000
0.250 0.500 0.000 1.000 = 1 -0.328
0.250 0.500 0.200 0.800 = 1 0.800
0.250 0.500 0.400 0.600 = 0 0.000
0.250 0.500 0.600 0.400 = 1 0.800
0.250 0.500 0.800 0.200 = 0 0.000
0.250 0.500 1.000 0.000 = 0 0.000
0.250 2.000 0.000 1.000 = 1 -0.410
0.250 2.000 0.200 0.800 = 0 0.000
0.250 2.000 0.400 0.600 = 0 0.000
0.250 2.000 0.600 0.400 = 0 0.000
0.250 2.000 0.800 0.200 = 0 0.000
0.250 2.000 1.000 0.000 = 0 0.000
0.250 4.000 0.000 1.000 = 0 0.000
0.250 4.000 0.200 0.800 = 0 0.000
0.250 4.000 0.400 0.600 = 0 0.000
0.250 4.000 0.600 0.400 = 0 0.000
0.250 4.000 0.800 0.200 = 0 0.000
0.250 4.000 1.000 0.000 = 0 0.000
1.000 0.000 0.000 1.000 = 0 0.000
1.000 0.000 0.200 0.800 = 0 0.000
1.000 0.000 0.400 0.600 = 0 0.000
1.000 0.000 0.600 0.400 = 0 0.000
1.000 0.000 0.800 0.200 = 0 0.000
1.000 0.000 1.000 0.000 = 0 0.000
1.000 0.100 0.000 1.000 = 2 -0.800
1.000 0.100 0.200 0.800 = 0 0.000
1.000 0.100 0.400 0.600 = 0 0.000
1.000 0.100 0.600 0.400 = 0 0.000
1.000 0.100 0.800 0.200 = 0 0.000
1.000 0.100 1.000 0.000 = 2 -0.800
1.000 0.500 0.000 1.000 = 2 -0.262
1.000 0.500 0.200 0.800 = 4 -0.262
1.000 0.500 0.400 0.600 = 5 -0.640
1.000 0.500 0.600 0.400 = 1 0.640
1.000 0.500 0.800 0.200 = 4 0.410
1.000 0.500 1.000 0.000 = 2 -0.410
1.000 2.000 0.000 1.000 = 3 -0.328
1.000 2.000 0.200 0.800 = 2 0.328
1.000 2.000 0.400 0.600 = 3 -0.512
1.000 2.000 0.600 0.400 = 3 0.512
1.000 2.000 0.800 0.200 = 2 -0.210
1.000 2.000 1.000 0.000 = 0 0.000
1.000 4.000 0.000 1.000 = 0 0.000
1.000 4.000 0.200 0.800 = 0 0.000
1.000 4.000 0.400 0.600 = 0 0.000
1.000 4.000 0.600 0.400 = 0 0.000
1.000 4.000 0.800 0.200 = 0 0.000
1.000 4.000 1.000 0.000 = 0 0.000
5.000 0.000 0.000 1.000 = 0 0.000
5.000 0.000 0.200 0.800 = 0 0.000
5.000 0.000 0.400 0.600 = 0 0.000
5.000 0.000 0.600 0.400 = 0 0.000
5.000 0.000 0.800 0.200 = 0 0.000
5.000 0.000 1.000 0.000 = 0 0.000
5.000 0.100 0.000 1.000 = 0 0.000
5.000 0.100 0.200 0.800 = 0 0.000
5.000 0.100 0.400 0.600 = 4 -0.800
5.000 0.100 0.600 0.400 = 1 -0.800
5.000 0.100 0.800 0.200 = 3 -0.800
5.000 0.100 1.000 0.000 = 1 -0.800
5.000 0.500 0.000 1.000 = 2 -0.410
5.000 0.500 0.200 0.800 = 5 0.210
5.000 0.500 0.400 0.600 = 6 -0.640
5.000 0.500 0.600 0.400 = 5 -0.328
5.000 0.500 0.800 0.200 = 3 -0.640
5.000 0.500 1.000 0.000 = 4 -0.640
5.000 2.000 0.000 1.000 = 3 -0.210
5.000 2.000 0.200 0.800 = 1 -0.512
5.000 2.000 0.400 0.600 = 3 -0.512
5.000 2.000 0.600 0.400 = 5 0.168
5.000 2.000 0.800 0.200 = 2 0.262
5.000 2.000 1.000 0.000 = 2 -0.512
5.000 4.000 0.000 1.000 = 0 0.000
5.000 4.000 0.200 0.800 = 0 0.000
5.000 4.000 0.400 0.600 = 0 0.000
5.000 4.000 0.600 0.400 = 0 0.000
5.000 4.000 0.800 0.200 = 0 0.000
5.000 4.000 1.000 0.000 = 0 0.000
10.000 0.000 0.000 1.000 = 0 0.000
10.000 0.000 0.200 0.800 = 0 0.000
10.000 0.000 0.400 0.600 = 0 0.000
10.000 0.000 0.600 0.400 = 0 0.000
10.000 0.000 0.800 0.200 = 0 0.000
10.000 0.000 1.000 0.000 = 0 0.000
10.000 0.100 0.000 1.000 = 1 -0.800
10.000 0.100 0.200 0.800 = 2 -0.800
10.000 0.100 0.400 0.600 = 2 -0.800
10.000 0.100 0.600 0.400 = 4 -0.800
10.000 0.100 0.800 0.200 = 3 -0.800
10.000 0.100 1.000 0.000 = 3 -0.800
10.000 0.500 0.000 1.000 = 11 -0.262
10.000 0.500 0.200 0.800 = 10 -0.640
10.000 0.500 0.400 0.600 = 10 -0.210
10.000 0.500 0.600 0.400 = 11 -0.328
10.000 0.500 0.800 0.200 = 11 -0.069
10.000 0.500 1.000 0.000 = 14 -0.210
10.000 2.000 0.000 1.000 = 8 -0.107
10.000 2.000 0.200 0.800 = 8 -0.210
10.000 2.000 0.400 0.600 = 6 -0.512
10.000 2.000 0.600 0.400 = 10 -0.328
10.000 2.000 0.800 0.200 = 7 -0.210
10.000 2.000 1.000 0.000 = 5 -0.134
10.000 4.000 0.000 1.000 = 0 0.000
10.000 4.000 0.200 0.800 = 1 -0.055
10.000 4.000 0.400 0.600 = 0 0.000
10.000 4.000 0.600 0.400 = 0 0.000
10.000 4.000 0.800 0.200 = 0 0.000
10.000 4.000 1.000 0.000 = 0 0.000
