0.200 0.250 0.250 0.100 0.900 = 0 0.000
0.200 0.250 0.250 0.500 0.500 = 0 0.000
0.200 0.250 0.250 0.900 0.100 = 0 0.000
0.200 0.250 0.750 0.100 0.900 = 0 0.000
0.200 0.250 0.750 0.500 0.500 = 0 0.000
0.200 0.250 0.750 0.900 0.100 = 0 0.000
0.200 0.250 1.000 0.100 0.900 = 0 0.000
0.200 0.250 1.000 0.500 0.500 = 0 0.000
0.200 0.250 1.000 0.900 0.100 = 0 0.000
0.200 0.250 1.500 0.100 0.900 = 0 0.000
0.200 0.250 1.500 0.500 0.500 = 0 0.000
0.200 0.250 1.500 0.900 0.100 = 0 0.000
0.200 0.250 2.000 0.100 0.900 = 0 0.000
0.200 0.250 2.000 0.500 0.500 = 0 0.000
0.200 0.250 2.000 0.900 0.100 = 0 0.000
0.200 0.250 2.500 0.100 0.900 = 0 0.000
0.200 0.250 2.500 0.500 0.500 = 0 0.000
0.200 0.250 2.500 0.900 0.100 = 0 0.000
0.200 0.250 3.500 0.100 0.900 = 0 0.000
0.200 0.250 3.500 0.500 0.500 = 0 0.000
0.200 0.250 3.500 0.900 0.100 = 0 0.000
0.200 0.250 5.000 0.100 0.900 = 0 0.000
0.200 0.250 5.000 0.500 0.500 = 0 0.000
0.200 0.250 5.000 0.900 0.100 = 0 0.000
0.200 0.750 0.250 0.100 0.900 = 0 0.000
0.200 0.750 0.250 0.500 0.500 = 0 0.000
0.200 0.750 0.250 0.900 0.100 = 0 0.000
0.200 0.750 0.750 0.100 0.900 = 0 0.000
0.200 0.750 0.750 0.500 0.500 = 0 0.000
0.200 0.750 0.750 0.900 0.100 = 0 0.000
0.200 0.750 1.000 0.100 0.900 = 0 0.000
0.200 0.750 1.000 0.500 0.500 = 0 0.000
0.200 0.750 1.000 0.900 0.100 = 0 0.000
0.200 0.750 1.500 0.100 0.900 = 0 0.000
0.200 0.750 1.500 0.500 0.500 = 0 0.000
0.200 0.750 1.500 0.900 0.100 = 0 0.000
0.200 0.750 2.000 0.100 0.900 = 0 0.000
0.200 0.750 2.000 0.500 0.500 = 0 0.000
0.200 0.750 2.000 0.900 0.100 = 0 0.000
0.200 0.750 2.500 0.100 0.900 = 0 0.000
0.200 0.750 2.500 0.500 0.500 = 0 0.000
0.200 0.750 2.500 0.900 0.100 = 0 0.000
0.200 0.750 3.500 0.100 0.900 = 0 0.000
0.200 0.750 3.500 0.500 0.500 = 0 0.000
0.200 0.750 3.500 0.900 0.100 = 0 0.000
0.200 0.750 5.000 0.100 0.900 = 0 0.000
0.200 0.750 5.000 0.500 0.500 = 0 0.000
0.200 0.750 5.000 0.900 0.100 = 0 0.000
0.200 1.000 0.250 0.100 0.900 = 0 0.000
0.200 1.000 0.250 0.500 0.500 = 0 0.000
0.200 1.000 0.250 0.900 0.100 = 0 0.000
0.200 1.000 0.750 0.100 0.900 = 0 0.000
0.200 1.000 0.750 0.500 0.500 = 0 0.000
0.200 1.000 0.750 0.900 0.100 = 0 0.000
0.200 1.000 1.000 0.100 0.900 = 0 0.000
0.200 1.000 1.000 0.500 0.500 = 0 0.000
0.200 1.000 1.000 0.900 0.100 = 0 0.000
0.200 1.000 1.500 0.100 0.900 = 1 1.000
0.200 1.000 1.500 0.500 0.500 = 0 0.000
0.200 1.000 1.500 0.900 0.100 = 0 0.000
0.200 1.000 2.000 0.100 0.900 = 0 0.000
0.200 1.000 2.000 0.500 0.500 = 0 0.000
0.200 1.000 2.000 0.900 0.100 = 0 0.000
0.200 1.000 2.500 0.100 0.900 = 0 0.000
0.200 1.000 2.500 0.500 0.500 = 0 0.000
0.200 1.000 2.500 0.900 0.100 = 0 0.000
0.200 1.000 3.500 0.100 0.900 = 0 0.000
0.200 1.000 3.500 0.500 0.500 = 3 1.000
0.200 1.000 3.500 0.900 0.100 = 0 0.000
0.200 1.000 5.000 0.100 0.900 = 0 0.000
0.200 1.000 5.000 0.500 0.500 = 0 0.000
0.200 1.000 5.000 0.900 0.100 = 0 0.000
0.200 1.500 0.250 0.100 0.900 = 0 0.000
0.200 1.500 0.250 0.500 0.500 = 0 0.000
0.200 1.500 0.250 0.900 0.100 = 0 0.000
0.200 1.500 0.750 0.100 0.900 = 0 0.000
0.200 1.500 0.750 0.500 0.500 = 0 0.000
0.200 1.500 0.750 0.900 0.100 = 0 0.000
0.200 1.500 1.000 0.100 0.900 = 0 0.000
0.200 1.500 1.000 0.500 0.500 = 0 0.000
0.200 1.500 1.000 0.900 0.100 = 0 0.000
0.200 1.500 1.500 0.100 0.900 = 0 0.000
0.200 1.500 1.500 0.500 0.500 = 0 0.000
0.200 1.500 1.500 0.900 0.100 = 0 0.000
0.200 1.500 2.000 0.100 0.900 = 0 0.000
0.200 1.500 2.000 0.500 0.500 = 0 0.000
0.200 1.500 2.000 0.900 0.100 = 0 0.000
0.200 1.500 2.500 0.100 0.900 = 0 0.000
0.200 1.500 2.500 0.500 0.500 = 1 1.000
0.200 1.500 2.500 0.900 0.100 = 0 0.000
0.200 1.500 3.500 0.100 0.900 = 0 0.000
0.200 1.500 3.500 0.500 0.500 = 4 1.000
0.200 1.500 3.500 0.900 0.100 = 0 0.000
0.200 1.500 5.000 0.100 0.900 = 0 0.000
0.200 1.500 5.000 0.500 0.500 = 0 0.000
0.200 1.500 5.000 0.900 0.100 = 0 0.000
0.200 2.000 0.250 0.100 0.900 = 0 0.000
0.200 2.000 0.250 0.500 0.500 = 0 0.000
0.200 2.000 0.250 0.900 0.100 = 0 0.000
0.200 2.000 0.750 0.100 0.900 = 0 0.000
0.200 2.000 0.750 0.500 0.500 = 0 0.000
0.200 2.000 0.750 0.900 0.100 = 0 0.000
0.200 2.000 1.000 0.100 0.900 = 0 0.000
0.200 2.000 1.000 0.500 0.500 = 0 0.000
0.200 2.000 1.000 0.900 0.100 = 0 0.000
0.200 2.000 1.500 0.100 0.900 = 0 0.000
0.200 2.000 1.500 0.500 0.500 = 0 0.000
0.200 2.000 1.500 0.900 0.100 = 0 0.000
0.200 2.000 2.000 0.100 0.900 = 0 0.000
0.200 2.000 2.000 0.500 0.500 = 0 0.000
0.200 2.000 2.000 0.900 0.100 = 0 0.000
0.200 2.000 2.500 0.100 0.900 = 0 0.000
0.200 2.000 2.500 0.100 0.900 = 0 0.000
0.200 2.000 2.500 0.500 0.500 = 3 1.000
0.200 2.000 2.500 0.900 0.100 = 1 1.000
0.200 2.000 2.500 0.900 0.100 = 1 1.000
0.200 2.000 3.500 0.100 0.900 = 1 1.000
0.200 2.000 3.500 0.100 0.900 = 1 1.000
0.200 2.000 3.500 0.500 0.500 = 6 1.000
0.200 2.000 3.500 0.900 0.100 = 0 0.000
0.200 2.000 3.500 0.900 0.100 = 0 0.000
0.200 2.000 5.000 0.100 0.900 = 0 0.000
0.200 2.000 5.000 0.500 0.500 = 0 0.000
0.200 2.000 5.000 0.900 0.100 = 0 0.000
0.200 2.500 0.250 0.100 0.900 = 0 0.000
0.200 2.500 0.250 0.500 0.500 = 0 0.000
0.200 2.500 0.250 0.900 0.100 = 0 0.000
0.200 2.500 0.750 0.100 0.900 = 0 0.000
0.200 2.500 0.750 0.500 0.500 = 0 0.000
0.200 2.500 0.750 0.900 0.100 = 0 0.000
0.200 2.500 1.000 0.100 0.900 = 1 1.000
0.200 2.500 1.000 0.500 0.500 = 0 0.000
0.200 2.500 1.000 0.900 0.100 = 0 0.000
0.200 2.500 1.500 0.100 0.900 = 0 0.000
0.200 2.500 1.500 0.500 0.500 = 0 0.000
0.200 2.500 1.500 0.900 0.100 = 0 0.000
0.200 2.500 2.000 0.100 0.900 = 0 0.000
0.200 2.500 2.000 0.500 0.500 = 3 1.000
0.200 2.500 2.000 0.900 0.100 = 0 0.000
0.200 2.500 2.500 0.100 0.900 = 1 1.000
0.200 2.500 2.500 0.100 0.900 = 1 1.000
0.200 2.500 2.500 0.500 0.500 = 7 1.000
0.200 2.500 2.500 0.900 0.100 = 0 0.000
0.200 2.500 2.500 0.900 0.100 = 0 0.000
0.200 2.500 3.500 0.100 0.900 = 1 1.000
0.200 2.500 3.500 0.100 0.900 = 1 1.000
0.200 2.500 3.500 0.500 0.500 = 6 1.000
0.200 2.500 3.500 0.900 0.100 = 0 0.000
0.200 2.500 3.500 0.900 0.100 = 0 0.000
0.200 2.500 5.000 0.100 0.900 = 0 0.000
0.200 2.500 5.000 0.500 0.500 = 0 0.000
0.200 2.500 5.000 0.900 0.100 = 0 0.000
0.200 3.500 0.250 0.100 0.900 = 0 0.000
0.200 3.500 0.250 0.500 0.500 = 0 0.000
0.200 3.500 0.250 0.900 0.100 = 0 0.000
0.200 3.500 0.750 0.100 0.900 = 0 0.000
0.200 3.500 0.750 0.500 0.500 = 0 0.000
0.200 3.500 0.750 0.900 0.100 = 0 0.000
0.200 3.500 1.000 0.100 0.900 = 0 0.000
0.200 3.500 1.000 0.500 0.500 = 2 1.000
0.200 3.500 1.000 0.900 0.100 = 0 0.000
0.200 3.500 1.500 0.100 0.900 = 0 0.000
0.200 3.500 1.500 0.100 0.900 = 0 0.000
0.200 3.500 1.500 0.500 0.500 = 5 1.000
0.200 3.500 1.500 0.900 0.100 = 0 0.000
0.200 3.500 1.500 0.900 0.100 = 1 1.000
0.200 3.500 2.000 0.100 0.900 = 0 0.000
0.200 3.500 2.000 0.500 0.500 = 0 0.000
0.200 3.500 2.000 0.900 0.100 = 1 1.000
0.200 3.500 2.500 0.100 0.900 = 0 0.000
0.200 3.500 2.500 0.500 0.500 = 5 1.000
0.200 3.500 2.500 0.900 0.100 = 0 0.000
0.200 3.500 3.500 0.100 0.900 = 1 1.000
0.200 3.500 3.500 0.500 0.500 = 7 1.000
0.200 3.500 3.500 0.900 0.100 = 1 1.000
0.200 3.500 5.000 0.100 0.900 = 0 0.000
0.200 3.500 5.000 0.500 0.500 = 0 0.000
0.200 3.500 5.000 0.900 0.100 = 0 0.000
0.200 5.000 0.250 0.100 0.900 = 0 0.000
0.200 5.000 0.250 0.500 0.500 = 0 0.000
0.200 5.000 0.250 0.900 0.100 = 0 0.000
0.200 5.000 0.750 0.100 0.900 = 0 0.000
0.200 5.000 0.750 0.500 0.500 = 0 0.000
0.200 5.000 0.750 0.900 0.100 = 0 0.000
0.200 5.000 1.000 0.100 0.900 = 0 0.000
0.200 5.000 1.000 0.500 0.500 = 0 0.000
0.200 5.000 1.000 0.900 0.100 = 0 0.000
0.200 5.000 1.500 0.100 0.900 = 0 0.000
0.200 5.000 1.500 0.500 0.500 = 0 0.000
0.200 5.000 1.500 0.900 0.100 = 0 0.000
0.200 5.000 2.000 0.100 0.900 = 0 0.000
0.200 5.000 2.000 0.500 0.500 = 0 0.000
0.200 5.000 2.000 0.900 0.100 = 0 0.000
0.200 5.000 2.500 0.100 0.900 = 0 0.000
0.200 5.000 2.500 0.500 0.500 = 0 0.000
0.200 5.000 2.500 0.900 0.100 = 0 0.000
0.200 5.000 3.500 0.100 0.900 = 0 0.000
0.200 5.000 3.500 0.500 0.500 = 0 0.000
0.200 5.000 3.500 0.900 0.100 = 0 0.000
0.200 5.000 5.000 0.100 0.900 = 0 0.000
0.200 5.000 5.000 0.500 0.500 = 0 0.000
0.200 5.000 5.000 0.900 0.100 = 0 0.000
0.300 0.250 0.250 0.100 0.900 = 0 0.000
0.300 0.250 0.250 0.500 0.500 = 0 0.000
0.300 0.250 0.250 0.900 0.100 = 0 0.000
0.300 0.250 0.750 0.100 0.900 = 0 0.000
0.300 0.250 0.750 0.500 0.500 = 0 0.000
0.300 0.250 0.750 0.900 0.100 = 0 0.000
0.300 0.250 1.000 0.100 0.900 = 0 0.000
0.300 0.250 1.000 0.500 0.500 = 0 0.000
0.300 0.250 1.000 0.900 0.100 = 0 0.000
0.300 0.250 1.500 0.100 0.900 = 0 0.000
0.300 0.250 1.500 0.500 0.500 = 0 0.000
0.300 0.250 1.500 0.900 0.100 = 0 0.000
0.300 0.250 2.000 0.100 0.900 = 0 0.000
0.300 0.250 2.000 0.500 0.500 = 0 0.000
0.300 0.250 2.000 0.900 0.100 = 0 0.000
0.300 0.250 2.500 0.100 0.900 = 0 0.000
0.300 0.250 2.500 0.500 0.500 = 0 0.000
0.300 0.250 2.500 0.900 0.100 = 0 0.000
0.300 0.250 3.500 0.100 0.900 = 0 0.000
0.300 0.250 3.500 0.500 0.500 = 0 0.000
0.300 0.250 3.500 0.900 0.100 = 0 0.000
0.300 0.250 5.000 0.100 0.900 = 0 0.000
0.300 0.250 5.000 0.500 0.500 = 0 0.000
0.300 0.250 5.000 0.900 0.100 = 0 0.000
0.300 0.750 0.250 0.100 0.900 = 0 0.000
0.300 0.750 0.250 0.500 0.500 = 0 0.000
0.300 0.750 0.250 0.900 0.100 = 0 0.000
0.300 0.750 0.750 0.100 0.900 = 0 0.000
0.300 0.750 0.750 0.500 0.500 = 0 0.000
0.300 0.750 0.750 0.900 0.100 = 0 0.000
0.300 0.750 1.000 0.100 0.900 = 0 0.000
0.300 0.750 1.000 0.500 0.500 = 0 0.000
0.300 0.750 1.000 0.900 0.100 = 0 0.000
0.300 0.750 1.500 0.100 0.900 = 0 0.000
0.300 0.750 1.500 0.500 0.500 = 0 0.000
0.300 0.750 1.500 0.900 0.100 = 0 0.000
0.300 0.750 2.000 0.100 0.900 = 0 0.000
0.300 0.750 2.000 0.500 0.500 = 0 0.000
0.300 0.750 2.000 0.900 0.100 = 0 0.000
0.300 0.750 2.500 0.100 0.900 = 0 0.000
0.300 0.750 2.500 0.500 0.500 = 0 0.000
0.300 0.750 2.500 0.900 0.100 = 0 0.000
0.300 0.750 3.500 0.100 0.900 = 0 0.000
0.300 0.750 3.500 0.500 0.500 = 0 0.000
0.300 0.750 3.500 0.900 0.100 = 0 0.000
0.300 0.750 5.000 0.100 0.900 = 0 0.000
0.300 0.750 5.000 0.500 0.500 = 0 0.000
0.300 0.750 5.000 0.900 0.100 = 1 -1.000
0.300 1.000 0.250 0.100 0.900 = 0 0.000
0.300 1.000 0.250 0.500 0.500 = 0 0.000
0.300 1.000 0.250 0.900 0.100 = 0 0.000
0.300 1.000 0.750 0.100 0.900 = 0 0.000
0.300 1.000 0.750 0.500 0.500 = 0 0.000
0.300 1.000 0.750 0.900 0.100 = 0 0.000
0.300 1.000 1.000 0.100 0.900 = 1 -0.810
0.300 1.000 1.000 0.500 0.500 = 3 -0.840
0.300 1.000 1.000 0.900 0.100 = 0 0.000
0.300 1.000 1.500 0.100 0.900 = 2 -0.810
0.300 1.000 1.500 0.500 0.500 = 0 0.000
0.300 1.000 1.500 0.900 0.100 = 0 0.000
0.300 1.000 2.000 0.100 0.900 = 0 0.000
0.300 1.000 2.000 0.500 0.500 = 1 -0.900
0.300 1.000 2.000 0.900 0.100 = 1 -0.900
0.300 1.000 2.500 0.100 0.900 = 2 -0.729
0.300 1.000 2.500 0.500 0.500 = 2 -0.536
0.300 1.000 2.500 0.900 0.100 = 0 0.000
0.300 1.000 3.500 0.100 0.900 = 1 0.167
0.300 1.000 3.500 0.500 0.500 = 3 0.075
0.300 1.000 3.500 0.900 0.100 = 0 0.000
0.300 1.000 5.000 0.100 0.900 = 0 0.000
0.300 1.000 5.000 0.500 0.500 = 0 0.000
0.300 1.000 5.000 0.900 0.100 = 1 -0.656
0.300 1.500 0.250 0.100 0.900 = 0 0.000
0.300 1.500 0.250 0.500 0.500 = 0 0.000
0.300 1.500 0.250 0.900 0.100 = 0 0.000
0.300 1.500 0.750 0.100 0.900 = 0 0.000
0.300 1.500 0.750 0.500 0.500 = 0 0.000
0.300 1.500 0.750 0.900 0.100 = 0 0.000
0.300 1.500 1.000 0.100 0.900 = 1 0.656
0.300 1.500 1.000 0.500 0.500 = 0 0.000
0.300 1.500 1.000 0.900 0.100 = 0 0.000
0.300 1.500 1.500 0.100 0.900 = 1 -0.349
0.300 1.500 1.500 0.500 0.500 = 1 0.135
0.300 1.500 1.500 0.900 0.100 = 0 0.000
0.300 1.500 2.000 0.100 0.900 = 0 0.000
0.300 1.500 2.000 0.100 0.900 = 1 -0.020
0.300 1.500 2.000 0.500 0.500 = 4 -0.661
0.300 1.500 2.000 0.900 0.100 = 0 0.000
0.300 1.500 2.000 0.900 0.100 = 0 0.000
0.300 1.500 2.500 0.100 0.900 = 2 -0.040
0.300 1.500 2.500 0.100 0.900 = 1 -0.005
0.300 1.500 2.500 0.500 0.500 = 6 -0.760
0.300 1.500 2.500 0.900 0.100 = 2 0.900
0.300 1.500 2.500 0.900 0.100 = 0 0.000
0.300 1.500 3.500 0.100 0.900 = 1 0.900
0.300 1.500 3.500 0.100 0.900 = 1 -0.045
0.300 1.500 3.500 0.500 0.500 = 6 0.060
0.300 1.500 3.500 0.900 0.100 = 0 0.000
0.300 1.500 3.500 0.900 0.100 = 0 0.000
0.300 1.500 5.000 0.100 0.900 = 0 0.000
0.300 1.500 5.000 0.500 0.500 = 0 0.000
0.300 1.500 5.000 0.900 0.100 = 1 -0.430
0.300 2.000 0.250 0.100 0.900 = 0 0.000
0.300 2.000 0.250 0.500 0.500 = 0 0.000
0.300 2.000 0.250 0.900 0.100 = 0 0.000
0.300 2.000 0.750 0.100 0.900 = 0 0.000
0.300 2.000 0.750 0.500 0.500 = 0 0.000
0.300 2.000 0.750 0.900 0.100 = 0 0.000
0.300 2.000 1.000 0.100 0.900 = 1 -0.656
0.300 2.000 1.000 0.500 0.500 = 0 0.000
0.300 2.000 1.000 0.900 0.100 = 1 -0.531
0.300 2.000 1.500 0.100 0.900 = 0 0.000
0.300 2.000 1.500 0.500 0.500 = 1 -0.314
0.300 2.000 1.500 0.900 0.100 = 0 0.000
0.300 2.000 2.000 0.100 0.900 = 0 0.000
0.300 2.000 2.000 0.100 0.900 = 0 0.000
0.300 2.000 2.000 0.500 0.500 = 6 0.730
0.300 2.000 2.000 0.900 0.100 = 1 0.729
0.300 2.000 2.000 0.900 0.100 = 0 0.000
0.300 2.000 2.500 0.100 0.900 = 2 -0.050
0.300 2.000 2.500 0.100 0.900 = 3 0.185
0.300 2.000 2.500 0.500 0.500 = 7 0.675
0.300 2.000 2.500 0.900 0.100 = 2 0.810
0.300 2.000 2.500 0.900 0.100 = 2 0.885
0.300 2.000 3.500 0.100 0.900 = 2 0.478
0.300 2.000 3.500 0.100 0.900 = 2 0.900
0.300 2.000 3.500 0.500 0.500 = 7 0.020
0.300 2.000 3.500 0.900 0.100 = 0 0.000
0.300 2.000 3.500 0.900 0.100 = 0 0.000
0.300 2.000 5.000 0.100 0.900 = 0 0.000
0.300 2.000 5.000 0.500 0.500 = 0 0.000
0.300 2.000 5.000 0.900 0.100 = 0 0.000
0.300 2.500 0.250 0.100 0.900 = 0 0.000
0.300 2.500 0.250 0.500 0.500 = 0 0.000
0.300 2.500 0.250 0.900 0.100 = 0 0.000
0.300 2.500 0.750 0.100 0.900 = 0 0.000
0.300 2.500 0.750 0.500 0.500 = 0 0.000
0.300 2.500 0.750 0.900 0.100 = 0 0.000
0.300 2.500 1.000 0.100 0.900 = 0 0.000
0.300 2.500 1.000 0.500 0.500 = 3 -0.503
0.300 2.500 1.000 0.900 0.100 = 1 0.900
0.300 2.500 1.500 0.100 0.900 = 1 -0.282
0.300 2.500 1.500 0.500 0.500 = 6 0.022
0.300 2.500 1.500 0.900 0.100 = 0 0.000
0.300 2.500 2.000 0.100 0.900 = 1 -0.254
0.300 2.500 2.000 0.500 0.500 = 6 0.815
0.300 2.500 2.000 0.900 0.100 = 0 0.000
0.300 2.500 2.500 0.100 0.900 = 4 0.900
0.300 2.500 2.500 0.100 0.900 = 7 0.729
0.300 2.500 2.500 0.500 0.500 = 9 -0.611
0.300 2.500 2.500 0.900 0.100 = 1 0.729
0.300 2.500 2.500 0.900 0.100 = 3 0.875
0.300 2.500 3.500 0.100 0.900 = 2 0.332
0.300 2.500 3.500 0.100 0.900 = 3 0.810
0.300 2.500 3.500 0.500 0.500 = 8 0.041
0.300 2.500 3.500 0.900 0.100 = 1 0.810
0.300 2.500 3.500 0.900 0.100 = 3 0.725
0.300 2.500 5.000 0.100 0.900 = 0 0.000
0.300 2.500 5.000 0.500 0.500 = 1 0.089
0.300 2.500 5.000 0.900 0.100 = 1 0.314
0.300 3.500 0.250 0.100 0.900 = 0 0.000
0.300 3.500 0.250 0.500 0.500 = 0 0.000
0.300 3.500 0.250 0.900 0.100 = 0 0.000
0.300 3.500 0.750 0.100 0.900 = 0 0.000
0.300 3.500 0.750 0.500 0.500 = 2 -1.000
0.300 3.500 0.750 0.900 0.100 = 0 0.000
0.300 3.500 1.000 0.100 0.900 = 0 0.000
0.300 3.500 1.000 0.500 0.500 = 2 0.646
0.300 3.500 1.000 0.900 0.100 = 1 0.810
0.300 3.500 1.500 0.100 0.900 = 0 0.000
0.300 3.500 1.500 0.100 0.900 = 0 0.000
0.300 3.500 1.500 0.500 0.500 = 3 0.825
0.300 3.500 1.500 0.900 0.100 = 0 0.000
0.300 3.500 1.500 0.900 0.100 = 1 0.900
0.300 3.500 2.000 0.100 0.900 = 1 0.810
0.300 3.500 2.000 0.100 0.900 = 2 0.810
0.300 3.500 2.000 0.500 0.500 = 6 0.700
0.300 3.500 2.000 0.900 0.100 = 0 0.000
0.300 3.500 2.000 0.900 0.100 = 0 0.000
0.300 3.500 2.500 0.100 0.900 = 1 0.478
0.300 3.500 2.500 0.100 0.900 = 2 -0.025
0.300 3.500 2.500 0.500 0.500 = 8 0.554
0.300 3.500 2.500 0.900 0.100 = 0 0.000
0.300 3.500 2.500 0.900 0.100 = 0 0.000
0.300 3.500 3.500 0.100 0.900 = 1 0.900
0.300 3.500 3.500 0.100 0.900 = 1 0.810
0.300 3.500 3.500 0.500 0.500 = 7 0.410
0.300 3.500 3.500 0.900 0.100 = 0 0.000
0.300 3.500 3.500 0.900 0.100 = 1 -0.010
0.300 3.500 5.000 0.100 0.900 = 9 -0.085
0.300 3.500 5.000 0.100 0.900 = 1 0.900
0.300 3.500 5.000 0.500 0.500 = 12 -0.095
0.300 3.500 5.000 0.900 0.100 = 0 0.000
0.300 3.500 5.000 0.900 0.100 = 0 0.000
0.300 5.000 0.250 0.100 0.900 = 0 0.000
0.300 5.000 0.250 0.500 0.500 = 0 0.000
0.300 5.000 0.250 0.900 0.100 = 0 0.000
0.300 5.000 0.750 0.100 0.900 = 0 0.000
0.300 5.000 0.750 0.500 0.500 = 0 0.000
0.300 5.000 0.750 0.900 0.100 = 0 0.000
0.300 5.000 1.000 0.100 0.900 = 0 0.000
0.300 5.000 1.000 0.500 0.500 = 0 0.000
0.300 5.000 1.000 0.900 0.100 = 0 0.000
0.300 5.000 1.500 0.100 0.900 = 0 0.000
0.300 5.000 1.500 0.500 0.500 = 1 0.531
0.300 5.000 1.500 0.900 0.100 = 0 0.000
0.300 5.000 2.000 0.100 0.900 = 0 0.000
0.300 5.000 2.000 0.500 0.500 = 0 0.000
0.300 5.000 2.000 0.900 0.100 = 1 0.135
0.300 5.000 2.500 0.100 0.900 = 1 0.810
0.300 5.000 2.500 0.500 0.500 = 0 0.000
0.300 5.000 2.500 0.900 0.100 = 0 0.000
0.300 5.000 3.500 0.100 0.900 = 0 0.000
0.300 5.000 3.500 0.500 0.500 = 2 -0.055
0.300 5.000 3.500 0.900 0.100 = 0 0.000
0.300 5.000 5.000 0.100 0.900 = 0 0.000
0.300 5.000 5.000 0.500 0.500 = 0 0.000
0.300 5.000 5.000 0.900 0.100 = 0 0.000
1.000 0.250 0.250 0.100 0.900 = 0 0.000
1.000 0.250 0.250 0.500 0.500 = 0 0.000
1.000 0.250 0.250 0.900 0.100 = 0 0.000
1.000 0.250 0.750 0.100 0.900 = 0 0.000
1.000 0.250 0.750 0.500 0.500 = 0 0.000
1.000 0.250 0.750 0.900 0.100 = 0 0.000
1.000 0.250 1.000 0.100 0.900 = 0 0.000
1.000 0.250 1.000 0.500 0.500 = 0 0.000
1.000 0.250 1.000 0.900 0.100 = 0 0.000
1.000 0.250 1.500 0.100 0.900 = 0 0.000
1.000 0.250 1.500 0.500 0.500 = 0 0.000
1.000 0.250 1.500 0.900 0.100 = 0 0.000
1.000 0.250 2.000 0.100 0.900 = 0 0.000
1.000 0.250 2.000 0.500 0.500 = 0 0.000
1.000 0.250 2.000 0.900 0.100 = 0 0.000
1.000 0.250 2.500 0.100 0.900 = 0 0.000
1.000 0.250 2.500 0.500 0.500 = 0 0.000
1.000 0.250 2.500 0.900 0.100 = 0 0.000
1.000 0.250 3.500 0.100 0.900 = 0 0.000
1.000 0.250 3.500 0.500 0.500 = 0 0.000
1.000 0.250 3.500 0.900 0.100 = 0 0.000
1.000 0.250 5.000 0.100 0.900 = 0 0.000
1.000 0.250 5.000 0.500 0.500 = 0 0.000
1.000 0.250 5.000 0.900 0.100 = 0 0.000
1.000 0.750 0.250 0.100 0.900 = 0 0.000
1.000 0.750 0.250 0.500 0.500 = 0 0.000
1.000 0.750 0.250 0.900 0.100 = 0 0.000
1.000 0.750 0.750 0.100 0.900 = 1 -1.000
1.000 0.750 0.750 0.500 0.500 = 1 -1.000
1.000 0.750 0.750 0.900 0.100 = 0 0.000
1.000 0.750 1.000 0.100 0.900 = 0 0.000
1.000 0.750 1.000 0.100 0.900 = 1 -1.000
1.000 0.750 1.000 0.500 0.500 = 1 -1.000
1.000 0.750 1.000 0.900 0.100 = 0 0.000
1.000 0.750 1.000 0.900 0.100 = 0 0.000
1.000 0.750 1.500 0.100 0.900 = 0 0.000
1.000 0.750 1.500 0.500 0.500 = 0 0.000
1.000 0.750 1.500 0.900 0.100 = 0 0.000
1.000 0.750 2.000 0.100 0.900 = 1 -1.000
1.000 0.750 2.000 0.100 0.900 = 0 0.000
1.000 0.750 2.000 0.500 0.500 = 0 0.000
1.000 0.750 2.000 0.900 0.100 = 0 0.000
1.000 0.750 2.000 0.900 0.100 = 0 0.000
1.000 0.750 2.500 0.100 0.900 = 0 0.000
1.000 0.750 2.500 0.500 0.500 = 3 -1.000
1.000 0.750 2.500 0.900 0.100 = 0 0.000
1.000 0.750 3.500 0.100 0.900 = 0 0.000
1.000 0.750 3.500 0.500 0.500 = 1 -1.000
1.000 0.750 3.500 0.900 0.100 = 0 0.000
1.000 0.750 5.000 0.100 0.900 = 1 -1.000
1.000 0.750 5.000 0.500 0.500 = 1 -1.000
1.000 0.750 5.000 0.900 0.100 = 0 0.000
1.000 1.000 0.250 0.100 0.900 = 0 0.000
1.000 1.000 0.250 0.500 0.500 = 0 0.000
1.000 1.000 0.250 0.900 0.100 = 0 0.000
1.000 1.000 0.750 0.100 0.900 = 0 0.000
1.000 1.000 0.750 0.500 0.500 = 0 0.000
1.000 1.000 0.750 0.900 0.100 = 0 0.000
1.000 1.000 1.000 0.100 0.900 = 1 -0.810
1.000 1.000 1.000 0.100 0.900 = 0 0.000
1.000 1.000 1.000 0.500 0.500 = 4 -0.870
1.000 1.000 1.000 0.900 0.100 = 0 0.000
1.000 1.000 1.000 0.900 0.100 = 1 -0.900
1.000 1.000 1.500 0.100 0.900 = 1 0.080
1.000 1.000 1.500 0.100 0.900 = 1 -0.010
1.000 1.000 1.500 0.500 0.500 = 7 -0.855
1.000 1.000 1.500 0.900 0.100 = 0 0.000
1.000 1.000 1.500 0.900 0.100 = 0 0.000
1.000 1.000 2.000 0.100 0.900 = 3 -0.040
1.000 1.000 2.000 0.100 0.900 = 2 -0.015
1.000 1.000 2.000 0.500 0.500 = 6 0.456
1.000 1.000 2.000 0.900 0.100 = 0 0.000
1.000 1.000 2.000 0.900 0.100 = 0 0.000
1.000 1.000 2.500 0.100 0.900 = 1 -0.015
1.000 1.000 2.500 0.500 0.500 = 8 -1.045
1.000 1.000 2.500 0.900 0.100 = 0 0.000
1.000 1.000 3.500 0.100 0.900 = 1 0.349
1.000 1.000 3.500 0.100 0.900 = 1 -0.349
1.000 1.000 3.500 0.500 0.500 = 7 0.219
1.000 1.000 3.500 0.900 0.100 = 0 0.000
1.000 1.000 3.500 0.900 0.100 = 0 0.000
1.000 1.000 5.000 0.100 0.900 = 0 0.000
1.000 1.000 5.000 0.500 0.500 = 4 -0.950
1.000 1.000 5.000 0.900 0.100 = 1 -0.900
1.000 1.500 0.250 0.100 0.900 = 0 0.000
1.000 1.500 0.250 0.500 0.500 = 0 0.000
1.000 1.500 0.250 0.900 0.100 = 0 0.000
1.000 1.500 0.750 0.100 0.900 = 0 0.000
1.000 1.500 0.750 0.500 0.500 = 0 0.000
1.000 1.500 0.750 0.900 0.100 = 0 0.000
1.000 1.500 1.000 0.100 0.900 = 0 0.000
1.000 1.500 1.000 0.100 0.900 = 0 0.000
1.000 1.500 1.000 0.500 0.500 = 4 0.032
1.000 1.500 1.000 0.900 0.100 = 1 5.910
1.000 1.500 1.000 0.900 0.100 = 1 -0.810
1.000 1.500 1.500 0.100 0.900 = 8 -0.155
1.000 1.500 1.500 0.100 0.900 = 1 -0.229
1.000 1.500 1.500 0.500 0.500 = 6 0.435
1.000 1.500 1.500 0.900 0.100 = 0 0.000
1.000 1.500 1.500 0.900 0.100 = 3 -0.734
1.000 1.500 2.000 0.100 0.900 = 6 -0.185
1.000 1.500 2.000 0.100 0.900 = 2 -0.254
1.000 1.500 2.000 0.500 0.500 = 8 0.253
1.000 1.500 2.000 0.900 0.100 = 0 0.000
1.000 1.500 2.000 0.900 0.100 = 1 -0.010
1.000 1.500 2.500 0.100 0.900 = 2 -0.045
1.000 1.500 2.500 0.100 0.900 = 1 -0.282
1.000 1.500 2.500 0.500 0.500 = 7 0.416
1.000 1.500 2.500 0.900 0.100 = 0 0.000
1.000 1.500 2.500 0.900 0.100 = 0 0.000
1.000 1.500 3.500 0.100 0.900 = 1 0.387
1.000 1.500 3.500 0.100 0.900 = 2 -0.387
1.000 1.500 3.500 0.500 0.500 = 6 0.282
1.000 1.500 3.500 0.900 0.100 = 0 0.000
1.000 1.500 3.500 0.900 0.100 = 1 -0.015
1.000 1.500 5.000 0.100 0.900 = 0 0.000
1.000 1.500 5.000 0.500 0.500 = 3 0.425
1.000 1.500 5.000 0.900 0.100 = 1 -0.005
1.000 2.000 0.250 0.100 0.900 = 0 0.000
1.000 2.000 0.250 0.500 0.500 = 0 0.000
1.000 2.000 0.250 0.900 0.100 = 0 0.000
1.000 2.000 0.750 0.100 0.900 = 0 0.000
1.000 2.000 0.750 0.500 0.500 = 1 -1.000
1.000 2.000 0.750 0.900 0.100 = 0 0.000
1.000 2.000 1.000 0.100 0.900 = 2 -0.095
1.000 2.000 1.000 0.500 0.500 = 6 0.136
1.000 2.000 1.000 0.900 0.100 = 0 0.000
1.000 2.000 1.500 0.100 0.900 = 6 -0.150
1.000 2.000 1.500 0.100 0.900 = 3 -0.656
1.000 2.000 1.500 0.500 0.500 = 7 0.386
1.000 2.000 1.500 0.900 0.100 = 0 0.000
1.000 2.000 1.500 0.900 0.100 = 0 0.000
1.000 2.000 2.000 0.100 0.900 = 5 -0.085
1.000 2.000 2.000 0.100 0.900 = 5 -0.050
1.000 2.000 2.000 0.500 0.500 = 10 -0.106
1.000 2.000 2.000 0.900 0.100 = 0 0.000
1.000 2.000 2.000 0.900 0.100 = 4 -0.220
1.000 2.000 2.500 0.100 0.900 = 1 0.478
1.000 2.000 2.500 0.100 0.900 = 6 0.387
1.000 2.000 2.500 0.500 0.500 = 10 -0.390
1.000 2.000 2.500 0.900 0.100 = 0 0.000
1.000 2.000 2.500 0.900 0.100 = 4 -0.262
1.000 2.000 3.500 0.100 0.900 = 1 0.430
1.000 2.000 3.500 0.100 0.900 = 1 0.590
1.000 2.000 3.500 0.500 0.500 = 8 -0.063
1.000 2.000 3.500 0.900 0.100 = 0 0.000
1.000 2.000 3.500 0.900 0.100 = 1 -0.005
1.000 2.000 5.000 0.100 0.900 = 1 -0.015
1.000 2.000 5.000 0.500 0.500 = 6 0.332
1.000 2.000 5.000 0.900 0.100 = 1 -0.015
1.000 2.500 0.250 0.100 0.900 = 0 0.000
1.000 2.500 0.250 0.500 0.500 = 0 0.000
1.000 2.500 0.250 0.900 0.100 = 0 0.000
1.000 2.500 0.750 0.100 0.900 = 0 0.000
1.000 2.500 0.750 0.500 0.500 = 0 0.000
1.000 2.500 0.750 0.900 0.100 = 0 0.000
1.000 2.500 1.000 0.100 0.900 = 1 0.656
1.000 2.500 1.000 0.100 0.900 = 1 0.150
1.000 2.500 1.000 0.500 0.500 = 6 0.369
1.000 2.500 1.000 0.900 0.100 = 0 0.000
1.000 2.500 1.000 0.900 0.100 = 0 0.000
1.000 2.500 1.500 0.100 0.900 = 10 0.531
1.000 2.500 1.500 0.100 0.900 = 2 0.206
1.000 2.500 1.500 0.500 0.500 = 7 0.177
1.000 2.500 1.500 0.900 0.100 = 0 0.000
1.000 2.500 1.500 0.900 0.100 = 2 -0.478
1.000 2.500 2.000 0.100 0.900 = 1 0.656
1.000 2.500 2.000 0.100 0.900 = 2 -0.125
1.000 2.500 2.000 0.500 0.500 = 10 0.196
1.000 2.500 2.000 0.900 0.100 = 1 0.590
1.000 2.500 2.000 0.900 0.100 = 4 0.184
1.000 2.500 2.500 0.100 0.900 = 7 0.810
1.000 2.500 2.500 0.100 0.900 = 24 0.151
1.000 2.500 2.500 0.500 0.500 = 15 -0.393
1.000 2.500 2.500 0.900 0.100 = 3 0.456
1.000 2.500 2.500 0.900 0.100 = 8 0.251
1.000 2.500 3.500 0.100 0.900 = 2 0.282
1.000 2.500 3.500 0.100 0.900 = 17 -0.032
1.000 2.500 3.500 0.500 0.500 = 13 -0.376
1.000 2.500 3.500 0.900 0.100 = 1 0.810
1.000 2.500 3.500 0.900 0.100 = 7 0.129
1.000 2.500 5.000 0.100 0.900 = 1 0.590
1.000 2.500 5.000 0.500 0.500 = 6 0.199
1.000 2.500 5.000 0.900 0.100 = 0 0.000
1.000 3.500 0.250 0.100 0.900 = 0 0.000
1.000 3.500 0.250 0.500 0.500 = 0 0.000
1.000 3.500 0.250 0.900 0.100 = 0 0.000
1.000 3.500 0.750 0.100 0.900 = 0 0.000
1.000 3.500 0.750 0.500 0.500 = 0 0.000
1.000 3.500 0.750 0.900 0.100 = 1 -1.000
1.000 3.500 1.000 0.100 0.900 = 0 0.000
1.000 3.500 1.000 0.100 0.900 = 0 0.000
1.000 3.500 1.000 0.500 0.500 = 6 0.605
1.000 3.500 1.000 0.900 0.100 = 0 0.000
1.000 3.500 1.000 0.900 0.100 = 0 0.000
1.000 3.500 1.500 0.100 0.900 = 2 -0.025
1.000 3.500 1.500 0.500 0.500 = 6 -0.110
1.000 3.500 1.500 0.900 0.100 = 0 0.000
1.000 3.500 2.000 0.100 0.900 = 1 -0.015
1.000 3.500 2.000 0.100 0.900 = 3 -0.040
1.000 3.500 2.000 0.500 0.500 = 7 0.339
1.000 3.500 2.000 0.900 0.100 = 0 0.000
1.000 3.500 2.000 0.900 0.100 = 0 0.000
1.000 3.500 2.500 0.100 0.900 = 4 0.729
1.000 3.500 2.500 0.100 0.900 = 16 -0.069
1.000 3.500 2.500 0.500 0.500 = 9 0.049
1.000 3.500 2.500 0.900 0.100 = 0 0.000
1.000 3.500 2.500 0.900 0.100 = 1 0.314
1.000 3.500 3.500 0.100 0.900 = 37 1.515
1.000 3.500 3.500 0.100 0.900 = 2 0.729
1.000 3.500 3.500 0.500 0.500 = 8 -0.080
1.000 3.500 3.500 0.900 0.100 = 0 0.000
1.000 3.500 3.500 0.900 0.100 = 15 0.349
1.000 3.500 5.000 0.100 0.900 = 1 0.135
1.000 3.500 5.000 0.500 0.500 = 8 -0.108
1.000 3.500 5.000 0.900 0.100 = 0 0.000
1.000 5.000 0.250 0.100 0.900 = 0 0.000
1.000 5.000 0.250 0.500 0.500 = 0 0.000
1.000 5.000 0.250 0.900 0.100 = 0 0.000
1.000 5.000 0.750 0.100 0.900 = 1 -1.000
1.000 5.000 0.750 0.100 0.900 = 0 0.000
1.000 5.000 0.750 0.500 0.500 = 1 -1.000
1.000 5.000 0.750 0.900 0.100 = 0 0.000
1.000 5.000 0.750 0.900 0.100 = 1 -1.000
1.000 5.000 1.000 0.100 0.900 = 0 0.000
1.000 5.000 1.000 0.100 0.900 = 0 0.000
1.000 5.000 1.000 0.500 0.500 = 1 -0.810
1.000 5.000 1.000 0.900 0.100 = 1 0.065
1.000 5.000 1.000 0.900 0.100 = 1 -0.900
1.000 5.000 1.500 0.100 0.900 = 0 0.000
1.000 5.000 1.500 0.500 0.500 = 3 0.385
1.000 5.000 1.500 0.900 0.100 = 1 -0.035
1.000 5.000 2.000 0.100 0.900 = 2 0.070
1.000 5.000 2.000 0.500 0.500 = 2 0.344
1.000 5.000 2.000 0.900 0.100 = 0 0.000
1.000 5.000 2.500 0.100 0.900 = 5 -0.025
1.000 5.000 2.500 0.100 0.900 = 3 0.590
1.000 5.000 2.500 0.500 0.500 = 6 0.276
1.000 5.000 2.500 0.900 0.100 = 0 0.000
1.000 5.000 2.500 0.900 0.100 = 0 0.000
1.000 5.000 3.500 0.100 0.900 = 10 -0.167
1.000 5.000 3.500 0.500 0.500 = 6 0.614
1.000 5.000 3.500 0.900 0.100 = 3 -0.109
1.000 5.000 5.000 0.100 0.900 = 0 0.000
1.000 5.000 5.000 0.500 0.500 = 0 0.000
1.000 5.000 5.000 0.900 0.100 = 0 0.000
5.000 0.250 0.250 0.100 0.900 = 0 0.000
5.000 0.250 0.250 0.500 0.500 = 0 0.000
5.000 0.250 0.250 0.900 0.100 = 0 0.000
5.000 0.250 0.750 0.100 0.900 = 0 0.000
5.000 0.250 0.750 0.500 0.500 = 0 0.000
5.000 0.250 0.750 0.900 0.100 = 0 0.000
5.000 0.250 1.000 0.100 0.900 = 0 0.000
5.000 0.250 1.000 0.500 0.500 = 0 0.000
5.000 0.250 1.000 0.900 0.100 = 0 0.000
5.000 0.250 1.500 0.100 0.900 = 0 0.000
5.000 0.250 1.500 0.500 0.500 = 0 0.000
5.000 0.250 1.500 0.900 0.100 = 0 0.000
5.000 0.250 2.000 0.100 0.900 = 0 0.000
5.000 0.250 2.000 0.500 0.500 = 0 0.000
5.000 0.250 2.000 0.900 0.100 = 0 0.000
5.000 0.250 2.500 0.100 0.900 = 0 0.000
5.000 0.250 2.500 0.500 0.500 = 0 0.000
5.000 0.250 2.500 0.900 0.100 = 0 0.000
5.000 0.250 3.500 0.100 0.900 = 0 0.000
5.000 0.250 3.500 0.500 0.500 = 0 0.000
5.000 0.250 3.500 0.900 0.100 = 0 0.000
5.000 0.250 5.000 0.100 0.900 = 0 0.000
5.000 0.250 5.000 0.500 0.500 = 0 0.000
5.000 0.250 5.000 0.900 0.100 = 0 0.000
5.000 0.750 0.250 0.100 0.900 = 0 0.000
5.000 0.750 0.250 0.500 0.500 = 0 0.000
5.000 0.750 0.250 0.900 0.100 = 0 0.000
5.000 0.750 0.750 0.100 0.900 = 0 0.000
5.000 0.750 0.750 0.500 0.500 = 5 -1.000
5.000 0.750 0.750 0.900 0.100 = 1 -1.000
5.000 0.750 1.000 0.100 0.900 = 1 -1.000
5.000 0.750 1.000 0.100 0.900 = 1 -1.000
5.000 0.750 1.000 0.500 0.500 = 6 -1.000
5.000 0.750 1.000 0.900 0.100 = 0 0.000
5.000 0.750 1.000 0.900 0.100 = 0 0.000
5.000 0.750 1.500 0.100 0.900 = 0 0.000
5.000 0.750 1.500 0.500 0.500 = 4 -1.000
5.000 0.750 1.500 0.900 0.100 = 1 -1.000
5.000 0.750 2.000 0.100 0.900 = 0 0.000
5.000 0.750 2.000 0.500 0.500 = 3 -1.000
5.000 0.750 2.000 0.900 0.100 = 0 0.000
5.000 0.750 2.500 0.100 0.900 = 0 0.000
5.000 0.750 2.500 0.500 0.500 = 3 -1.000
5.000 0.750 2.500 0.900 0.100 = 1 -1.000
5.000 0.750 3.500 0.100 0.900 = 0 0.000
5.000 0.750 3.500 0.100 0.900 = 2 -1.000
5.000 0.750 3.500 0.500 0.500 = 7 -1.000
5.000 0.750 3.500 0.900 0.100 = 0 0.000
5.000 0.750 3.500 0.900 0.100 = 1 -1.000
5.000 0.750 5.000 0.100 0.900 = 0 0.000
5.000 0.750 5.000 0.500 0.500 = 5 -1.000
5.000 0.750 5.000 0.900 0.100 = 0 0.000
5.000 1.000 0.250 0.100 0.900 = 0 0.000
5.000 1.000 0.250 0.500 0.500 = 0 0.000
5.000 1.000 0.250 0.900 0.100 = 0 0.000
5.000 1.000 0.750 0.100 0.900 = 1 -1.000
5.000 1.000 0.750 0.500 0.500 = 6 -1.000
5.000 1.000 0.750 0.900 0.100 = 1 -1.000
5.000 1.000 1.000 0.100 0.900 = 1 -0.900
5.000 1.000 1.000 0.100 0.900 = 2 -0.739
5.000 1.000 1.000 0.500 0.500 = 7 -0.955
5.000 1.000 1.000 0.900 0.100 = 1 -0.900
5.000 1.000 1.000 0.900 0.100 = 1 -0.729
5.000 1.000 1.500 0.100 0.900 = 1 -0.810
5.000 1.000 1.500 0.100 0.900 = 1 -0.729
5.000 1.000 1.500 0.500 0.500 = 9 -0.824
5.000 1.000 1.500 0.900 0.100 = 1 -0.729
5.000 1.000 1.500 0.900 0.100 = 1 -0.900
5.000 1.000 2.000 0.100 0.900 = 1 0.229
5.000 1.000 2.000 0.100 0.900 = 1 -0.810
5.000 1.000 2.000 0.500 0.500 = 10 -0.925
5.000 1.000 2.000 0.900 0.100 = 0 0.000
5.000 1.000 2.000 0.900 0.100 = 1 -0.098
5.000 1.000 2.500 0.100 0.900 = 1 -0.005
5.000 1.000 2.500 0.100 0.900 = 1 0.089
5.000 1.000 2.500 0.500 0.500 = 10 -0.985
5.000 1.000 2.500 0.900 0.100 = 1 0.206
5.000 1.000 2.500 0.900 0.100 = 0 0.000
5.000 1.000 3.500 0.100 0.900 = 1 -0.025
5.000 1.000 3.500 0.100 0.900 = 5 -0.970
5.000 1.000 3.500 0.500 0.500 = 11 -1.275
5.000 1.000 3.500 0.900 0.100 = 0 0.000
5.000 1.000 3.500 0.900 0.100 = 3 -0.985
5.000 1.000 5.000 0.100 0.900 = 1 -0.900
5.000 1.000 5.000 0.100 0.900 = 1 -0.810
5.000 1.000 5.000 0.500 0.500 = 6 -0.660
5.000 1.000 5.000 0.900 0.100 = 1 -0.010
5.000 1.000 5.000 0.900 0.100 = 1 -0.005
5.000 1.500 0.250 0.100 0.900 = 0 0.000
5.000 1.500 0.250 0.500 0.500 = 0 0.000
5.000 1.500 0.250 0.900 0.100 = 0 0.000
5.000 1.500 0.750 0.100 0.900 = 0 0.000
5.000 1.500 0.750 0.500 0.500 = 2 -1.000
5.000 1.500 0.750 0.900 0.100 = 0 0.000
5.000 1.500 1.000 0.100 0.900 = 1 -0.729
5.000 1.500 1.000 0.500 0.500 = 7 -0.875
5.000 1.500 1.000 0.900 0.100 = 0 0.000
5.000 1.500 1.500 0.100 0.900 = 1 -0.810
5.000 1.500 1.500 0.100 0.900 = 1 -0.656
5.000 1.500 1.500 0.500 0.500 = 11 -0.802
5.000 1.500 1.500 0.900 0.100 = 1 0.314
5.000 1.500 1.500 0.900 0.100 = 1 -0.656
5.000 1.500 2.000 0.100 0.900 = 1 0.254
5.000 1.500 2.000 0.100 0.900 = 4 -0.641
5.000 1.500 2.000 0.500 0.500 = 10 -0.711
5.000 1.500 2.000 0.900 0.100 = 0 0.000
5.000 1.500 2.000 0.900 0.100 = 1 -0.590
5.000 1.500 2.500 0.100 0.900 = 3 0.065
5.000 1.500 2.500 0.100 0.900 = 4 -0.110
5.000 1.500 2.500 0.500 0.500 = 12 -1.104
5.000 1.500 2.500 0.900 0.100 = 1 0.185
5.000 1.500 2.500 0.900 0.100 = 5 -0.588
5.000 1.500 3.500 0.100 0.900 = 1 -0.025
5.000 1.500 3.500 0.100 0.900 = 5 -0.290
5.000 1.500 3.500 0.500 0.500 = 14 -0.780
5.000 1.500 3.500 0.900 0.100 = 0 0.000
5.000 1.500 3.500 0.900 0.100 = 6 -0.655
5.000 1.500 5.000 0.100 0.900 = 1 -0.065
5.000 1.500 5.000 0.100 0.900 = 2 -0.080
5.000 1.500 5.000 0.500 0.500 = 8 -0.650
5.000 1.500 5.000 0.900 0.100 = 0 0.000
5.000 1.500 5.000 0.900 0.100 = 0 0.000
5.000 2.000 0.250 0.100 0.900 = 0 0.000
5.000 2.000 0.250 0.500 0.500 = 0 0.000
5.000 2.000 0.250 0.900 0.100 = 0 0.000
5.000 2.000 0.750 0.100 0.900 = 1 -1.000
5.000 2.000 0.750 0.500 0.500 = 0 0.000
5.000 2.000 0.750 0.900 0.100 = 0 0.000
5.000 2.000 1.000 0.100 0.900 = 1 -0.135
5.000 2.000 1.000 0.500 0.500 = 7 -0.175
5.000 2.000 1.000 0.900 0.100 = 0 0.000
5.000 2.000 1.500 0.100 0.900 = 2 0.349
5.000 2.000 1.500 0.100 0.900 = 3 -0.167
5.000 2.000 1.500 0.500 0.500 = 8 -0.758
5.000 2.000 1.500 0.900 0.100 = 0 0.000
5.000 2.000 1.500 0.900 0.100 = 0 0.000
5.000 2.000 2.000 0.100 0.900 = 1 -0.729
5.000 2.000 2.000 0.100 0.900 = 8 -0.260
5.000 2.000 2.000 0.500 0.500 = 14 -0.200
5.000 2.000 2.000 0.900 0.100 = 3 0.478
5.000 2.000 2.000 0.900 0.100 = 1 -0.531
5.000 2.000 2.500 0.100 0.900 = 11 -0.470
5.000 2.000 2.500 0.100 0.900 = 10 -0.385
5.000 2.000 2.500 0.500 0.500 = 18 -1.299
5.000 2.000 2.500 0.900 0.100 = 6 0.079
5.000 2.000 2.500 0.900 0.100 = 7 -0.625
5.000 2.000 3.500 0.100 0.900 = 1 0.080
5.000 2.000 3.500 0.100 0.900 = 8 -0.517
5.000 2.000 3.500 0.500 0.500 = 12 -0.275
5.000 2.000 3.500 0.900 0.100 = 2 0.167
5.000 2.000 3.500 0.900 0.100 = 5 -0.515
5.000 2.000 5.000 0.100 0.900 = 1 -0.072
5.000 2.000 5.000 0.100 0.900 = 1 -0.098
5.000 2.000 5.000 0.500 0.500 = 9 0.050
5.000 2.000 5.000 0.900 0.100 = 2 -0.065
5.000 2.000 5.000 0.900 0.100 = 4 -0.085
5.000 2.500 0.250 0.100 0.900 = 0 0.000
5.000 2.500 0.250 0.500 0.500 = 0 0.000
5.000 2.500 0.250 0.900 0.100 = 0 0.000
5.000 2.500 0.750 0.100 0.900 = 2 -1.000
5.000 2.500 0.750 0.500 0.500 = 2 -1.000
5.000 2.500 0.750 0.900 0.100 = 2 -1.000
5.000 2.500 1.000 0.100 0.900 = 1 -0.810
5.000 2.500 1.000 0.500 0.500 = 8 -0.140
5.000 2.500 1.000 0.900 0.100 = 0 0.000
5.000 2.500 1.500 0.100 0.900 = 1 0.089
5.000 2.500 1.500 0.100 0.900 = 1 -0.349
5.000 2.500 1.500 0.500 0.500 = 10 -0.784
5.000 2.500 1.500 0.900 0.100 = 0 0.000
5.000 2.500 1.500 0.900 0.100 = 0 0.000
5.000 2.500 2.000 0.100 0.900 = 1 0.229
5.000 2.500 2.000 0.100 0.900 = 3 -0.130
5.000 2.500 2.000 0.500 0.500 = 14 -0.927
5.000 2.500 2.000 0.900 0.100 = 4 0.590
5.000 2.500 2.000 0.900 0.100 = 4 -0.270
5.000 2.500 2.500 0.100 0.900 = 67 -0.656
5.000 2.500 2.500 0.100 0.900 = 23 -0.890
5.000 2.500 2.500 0.500 0.500 = 32 -2.351
5.000 2.500 2.500 0.900 0.100 = 12 -0.447
5.000 2.500 2.500 0.900 0.100 = 7 -0.557
5.000 2.500 3.500 0.100 0.900 = 158 -0.590
5.000 2.500 3.500 0.100 0.900 = 32 -2.110
5.000 2.500 3.500 0.500 0.500 = 16 -0.677
5.000 2.500 3.500 0.900 0.100 = 1 -0.010
5.000 2.500 3.500 0.900 0.100 = 8 -0.549
5.000 2.500 5.000 0.100 0.900 = 1 -0.005
5.000 2.500 5.000 0.100 0.900 = 3 -0.025
5.000 2.500 5.000 0.500 0.500 = 18 0.137
5.000 2.500 5.000 0.900 0.100 = 0 0.000
5.000 2.500 5.000 0.900 0.100 = 2 -0.040
5.000 3.500 0.250 0.100 0.900 = 0 0.000
5.000 3.500 0.250 0.500 0.500 = 0 0.000
5.000 3.500 0.250 0.900 0.100 = 0 0.000
5.000 3.500 0.750 0.100 0.900 = 1 -1.000
5.000 3.500 0.750 0.500 0.500 = 6 -1.000
5.000 3.500 0.750 0.900 0.100 = 1 -1.000
5.000 3.500 1.000 0.100 0.900 = 3 -0.625
5.000 3.500 1.000 0.500 0.500 = 7 -1.016
5.000 3.500 1.000 0.900 0.100 = 2 -0.870
5.000 3.500 1.500 0.100 0.900 = 2 -0.531
5.000 3.500 1.500 0.500 0.500 = 7 -0.290
5.000 3.500 1.500 0.900 0.100 = 3 -0.794
5.000 3.500 2.000 0.100 0.900 = 3 0.135
5.000 3.500 2.000 0.500 0.500 = 11 -0.280
5.000 3.500 2.000 0.900 0.100 = 0 0.000
5.000 3.500 2.500 0.100 0.900 = 18 -0.072
5.000 3.500 2.500 0.100 0.900 = 23 -0.805
5.000 3.500 2.500 0.500 0.500 = 15 -0.805
5.000 3.500 2.500 0.900 0.100 = 6 -0.011
5.000 3.500 2.500 0.900 0.100 = 3 0.038
5.000 3.500 3.500 0.100 0.900 = 108 -0.531
5.000 3.500 3.500 0.100 0.900 = 27 3.290
5.000 3.500 3.500 0.500 0.500 = 15 -0.802
5.000 3.500 3.500 0.900 0.100 = 4 -0.175
5.000 3.500 3.500 0.900 0.100 = 5 0.044
5.000 3.500 5.000 0.100 0.900 = 1 -0.070
5.000 3.500 5.000 0.100 0.900 = 1 -0.005
5.000 3.500 5.000 0.500 0.500 = 7 0.204
5.000 3.500 5.000 0.900 0.100 = 0 0.000
5.000 3.500 5.000 0.900 0.100 = 0 0.000
5.000 5.000 0.250 0.100 0.900 = 0 0.000
5.000 5.000 0.250 0.500 0.500 = 0 0.000
5.000 5.000 0.250 0.900 0.100 = 0 0.000
5.000 5.000 0.750 0.100 0.900 = 0 0.000
5.000 5.000 0.750 0.500 0.500 = 2 -1.000
5.000 5.000 0.750 0.900 0.100 = 0 0.000
5.000 5.000 1.000 0.100 0.900 = 1 -0.729
5.000 5.000 1.000 0.500 0.500 = 6 -0.165
5.000 5.000 1.000 0.900 0.100 = 0 0.000
5.000 5.000 1.500 0.100 0.900 = 0 0.000
5.000 5.000 1.500 0.500 0.500 = 5 -0.053
5.000 5.000 1.500 0.900 0.100 = 0 0.000
5.000 5.000 2.000 0.100 0.900 = 1 0.109
5.000 5.000 2.000 0.500 0.500 = 10 -0.178
5.000 5.000 2.000 0.900 0.100 = 0 0.000
5.000 5.000 2.500 0.100 0.900 = 2 0.122
5.000 5.000 2.500 0.100 0.900 = 1 0.206
5.000 5.000 2.500 0.500 0.500 = 11 -0.335
5.000 5.000 2.500 0.900 0.100 = 0 0.000
5.000 5.000 2.500 0.900 0.100 = 0 0.000
5.000 5.000 3.500 0.100 0.900 = 1 -0.070
5.000 5.000 3.500 0.100 0.900 = 1 -0.010
5.000 5.000 3.500 0.500 0.500 = 7 -0.266
5.000 5.000 3.500 0.900 0.100 = 0 0.000
5.000 5.000 3.500 0.900 0.100 = 0 0.000
5.000 5.000 5.000 0.100 0.900 = 0 0.000
5.000 5.000 5.000 0.500 0.500 = 0 0.000
5.000 5.000 5.000 0.900 0.100 = 0 0.000
